90
41
9
25
51
34
185
19
150
137
33
158
188
78
172
221
152
26
260
220
180
117
189
84
245
97
77
138
216
153
183
201
261
85
52
205
155
190
75
171
66
181
214
112
73
237
219
209
57
18
133
46
217
101
146
70
122
244
17
1
2
215
213
4
134
234
202
49
149
218
92
233
114
236
151
24
63
27
79
40
184
116
113
241
72
94
38
156
30
106
71
243
102
81
254
204
208
207
249
129
21
256
203
11
128
6
68
161
56
255
197
148
82
195
231
259
186
47
247
144
182
265
135
62
12
53
121
164
165
250
23
147
141
89
100
145
174
127
96
16
258
109
48
140
211
168
98
178
13
193
7
36
120
222
111
206
194
29
124
59
167
159
235
251
226
39
35
54
22
264
170
91
169
173
229
263
74
132
232
61
28
93
227
238
224
223
248
45
125
15
99
8
42
192
242
69
60
108
118
107
163
179
175
115
239
262
162
88
31
67
64
58
43
95
246
55
198
160
44
230
123
210
76
50
14
131
187
253
176
212
80
87
10
225
177
136
157
240
142
130
3
126
83
154
166
143
65
20
257
139
5
86
196
37
119
228
252
32
191
200