38
263
219
35
117
98
187
233
258
106
30
141
65
89
174
235
185
111
177
42
136
73
216
158
193
97
39
33
57
239
151
48
137
70
78
3
215
183
195
46
164
68
129
7
59
209
230
202
198
20
67
144
146
126
23
255
140
87
238
162
210
133
172
145
113
243
192
54
79
265
168
240
203
56
18
190
252
221
132
197
122
108
6
75
237
248
260
21
95
1
50
41
83
81
44
244
135
242
49
217
69
155
120
180
186
77
9
256
167
227
31
143
170
72
85
134
206
125
12
118
116
43
26
189
139
128
214
127
247
222
16
58
249
181
94
34
157
245
8
114
142
178
64
66
204
107
165
121
201
159
241
149
250
99
29
130
76
220
200
101
262
32
53
22
160
24
261
119
257
236
169
231
51
153
27
163
74
55
232
19
80
226
212
91
131
96
166
264
152
213
71
196
86
154
88
25
224
225
246
13
123
194
259
36
115
150
184
90
161
147
254
182
93
14
228
208
11
100
10
4
63
102
218
92
60
175
28
207
84
109
253
138
47
173
82
17
229
234
191
223
37
52
5
156
15
251
205
45
112
124
148
171
211
188
179
61
40
62